4 0.8396875 0.8515051395007341 0.161875 0.2763142437591776
4 0.0709375 0.7330763582966225 0.141875 0.31390602055800293
4 0.16999999999999998 0.39896475770925105 0.0975 0.12688693098384726
4 0.47531249999999997 0.8792290748898678 0.220625 0.23966226138032307
4 0.3303125 0.6014977973568282 0.108125 0.09585903083700441
4 0.56875 0.5455873715124816 0.0925 0.1663582966226138
4 0.391875 0.5319530102790014 0.09 0.10337738619676946
4 0.4003125 0.7326211453744493 0.073125 0.20395007342143903
4 0.6353125 0.48684287812041116 0.040625 0.08270190895741557
4 0.4996875 0.6292290748898678 0.135625 0.16447870778267254
4 0.5890625 0.7542364170337738 0.120625 0.25657856093979436
4 0.6809375 0.6870264317180617 0.134375 0.2443612334801762
4 0.9096875 0.7608076358296623 0.179375 0.4765051395007342
4 0.6646875 0.42105726872246696 0.074375 0.09022026431718061
4 0.6846875 0.5361820851688692 0.085625 0.11183553597650513
4 0.7828124999999999 0.6320484581497797 0.123125 0.24342143906020558
4 0.9228125 0.42245961820851685 0.078125 0.12312775330396475
