3 0.456640625 0.3958333333333333 0.14453125 0.21944444444444444
3 0.1859375 0.20416666666666664 0.15625 0.14166666666666664
3 0.36289062499999997 0.2048611111111111 0.14296875 0.1375
3 0.615234375 0.8180555555555555 0.19765625 0.1972222222222222
3 0.601953125 0.05763888888888889 0.14140625 0.11527777777777778
3 0.6546875000000001 0.38263888888888886 0.1703125 0.16527777777777777
3 0.78671875 0.06319444444444444 0.1640625 0.12638888888888888
3 0.85078125 0.38888888888888884 0.19375 0.2222222222222222
3 0.8734375 0.9097222222222222 0.228125 0.17777777777777778
3 0.915625 0.01597222222222222 0.05 0.03194444444444444
3 0.97265625 0.4152777777777778 0.053125 0.21666666666666665
