4 0.188125 0.9274999999999999 0.3175 0.1433333333333333
4 0.144375 0.7354166666666666 0.10625 0.22083333333333333
4 0.29375 0.7808333333333334 0.23125 0.3983333333333333
4 0.450625 0.7316666666666666 0.0725 0.09666666666666665
4 0.573125 0.7266666666666667 0.085 0.16499999999999998
4 0.73125 0.8341666666666666 0.14875 0.30166666666666664
4 0.6856249999999999 0.6441666666666666 0.04625 0.09999999999999999
4 0.72 0.6183333333333333 0.04 0.048333333333333325
4 0.8984375 0.7554166666666666 0.093125 0.23249999999999998
4 0.9550000000000001 0.8354166666666665 0.08875 0.24916666666666668
