1 0.1034375 0.45066079295154177 0.023125 0.010337738619676946
1 0.22375 0.2852422907488987 0.06625 0.029133627019089572
1 0.2596875 0.39662261380323055 0.030625 0.020675477239353892
1 0.3384375 0.3552569750367107 0.060625 0.022555066079295152
1 0.37124999999999997 0.66071953010279 0.06875 0.03571218795888399
1 0.3884375 0.34867841409691624 0.044375 0.024434654919236416
1 0.45125000000000004 0.3514977973568282 0.04 0.022555066079295152
1 0.5190625 0.4168281938325991 0.041875 0.031013215859030836
1 0.52625 0.6240528634361233 0.05125 0.02819383259911894
1 0.5446875 0.3909838472834068 0.019375 0.020675477239353892
1 0.633125 0.3811013215859031 0.01875 0.029133627019089572
1 0.73875 0.36183553597650514 0.04125 0.016916299559471364
1 0.686875 0.45629955947136563 0.0375 0.03289280469897209
1 0.760625 0.4680469897209985 0.04375 0.02819383259911894
1 0.92125 0.4149486049926578 0.0475 0.02725403817914831
1 0.8200000000000001 0.4403230543318648 0.0475 0.02725403817914831
