2 0.035 0.7883333333333332 0.03375 0.11499999999999999
2 0.0384375 0.6816666666666666 0.019375 0.018333333333333333
2 0.0525 0.6879166666666665 0.0275 0.024166666666666663
2 0.07625 0.7841666666666667 0.03375 0.1383333333333333
2 0.0778125 0.6912499999999999 0.025625 0.020833333333333332
2 0.1028125 0.7795833333333333 0.045625 0.1325
2 0.109375 0.6879166666666665 0.04 0.024166666666666663
2 0.1365625 0.8358333333333334 0.014375 0.051666666666666666
2 0.15718749999999998 0.8424999999999999 0.021875 0.045
2 0.1759375 0.8220833333333333 0.023125 0.07916666666666666
2 0.18937500000000002 0.8270833333333332 0.0225 0.07916666666666666
2 0.2109375 0.8108333333333333 0.018125 0.10833333333333334
2 0.2196875 0.8158333333333334 0.010625 0.10833333333333334
2 0.30812500000000004 0.8195833333333333 0.03 0.12916666666666665
2 0.33656250000000004 0.8170833333333333 0.034375 0.1275
2 0.37093750000000003 0.8195833333333332 0.030625 0.1358333333333333
2 0.401875 0.8212499999999998 0.03125 0.1358333333333333
2 0.57875 0.8254166666666666 0.03375 0.1358333333333333
2 0.44062500000000004 0.8120833333333334 0.03375 0.1275
2 0.5121875 0.8220833333333333 0.029375 0.12583333333333332
