2 0.16013671875 0.4158528645833333 0.1895442708333333 0.23365885416666665
2 0.18136718750000003 0.3006510416666667 0.1928125 0.14052083333333332
2 0.1928059895833333 0.125 0.1895442708333333 0.25
2 0.45507161458333334 0.6094726562499999 0.4656901041666666 0.15686197916666667
2 0.32843098958333333 0.41094401041666667 0.20261718750000002 0.21404947916666664
2 0.4779427083333333 0.6691145833333333 0.48203124999999997 0.14869791666666665
2 0.5008138020833333 0.9713997395833334 0.5277734374999999 0.053919270833333324
2 0.4967317708333333 0.8504882812499999 0.48039062499999996 0.1650390625
2 0.36355468750000003 0.2704231770833333 0.20424479166666668 0.12582031249999998
2 0.35293619791666664 0.11438151041666667 0.16993489583333332 0.22876302083333333
2 0.5032747395833334 0.42402343749999993 0.19608072916666666 0.21078124999999998
2 0.5302278645833334 0.30555338541666666 0.18790364583333333 0.1045703125
2 0.5457552083333332 0.13807291666666666 0.19934895833333333 0.25653645833333333
2 0.68626953125 0.41013020833333336 0.20261718750000002 0.26143229166666665
2 0.7009765625 0.0955859375 0.19934895833333333 0.191171875
2 0.7099609375 0.23856119791666666 0.18463541666666666 0.1241796875
2 0.86927734375 0.933828125 0.2581640625 0.12908854166666667
