1 0.0321875 0.22608345534407026 0.026875 0.015007320644216691
1 0.0546875 0.28565153733528553 0.028125 0.03095168374816984
1 0.08625 0.22983162518301611 0.04375 0.01875549048316252
1 0.2215625 0.2673572474377745 0.033125 0.016881405563689604
1 0.2571875 0.20684480234260616 0.028125 0.015944363103953148
1 0.4490625 0.1819838945827233 0.026875 0.01875549048316252
1 0.4971875 0.21763543191800877 0.028125 0.016881405563689604
1 0.5303125 0.1913689604685212 0.020625 0.015007320644216691
1 0.6340625 0.23968521229868225 0.030625 0.015944363103953148
1 0.6690625 0.24342606149341142 0.034375 0.02720351390922401
1 0.7531249999999999 0.1346120058565154 0.03625 0.025329428989751098
1 0.85875 0.1791800878477306 0.0375 0.024392386530014642
1 0.9703125 0.10225475841874086 0.041875 0.024392386530014642
