4 0.496875 0.8313836017569547 0.21875 0.32786237188872625
4 0.047656250000000004 0.5620571010248901 0.0890625 0.1592532942898975
4 0.140625 0.5550292825768668 0.053125 0.12645680819912153
4 0.2984375 0.8910980966325037 0.1875 0.2131185944363104
4 0.28515625 0.16276720351390922 0.1046875 0.11944363103953148
4 0.27578125 0.626471449487555 0.0671875 0.11944363103953148
4 0.33671875 0.545666178623719 0.0859375 0.17797950219619327
4 0.4140625 0.5327818448023426 0.103125 0.18500732064421668
4 0.5234375 0.181493411420205 0.08125 0.09601756954612006
4 0.75234375 0.9016398243045389 0.2046875 0.19203513909224013
4 0.89921875 0.5398169838945828 0.1140625 0.24121522693997072
4 0.8859374999999999 0.9215446559297218 0.05625 0.1522254758418741
4 0.9671875 0.5585578330893118 0.0625 0.16628111273792093
