4 0.8309375 0.7183333333333334 0.131875 0.2633333333333333
4 0.1396875 0.4925 0.096875 0.16499999999999998
4 0.264375 0.5158333333333333 0.03125 0.06333333333333332
4 0.39875 0.5308333333333333 0.0825 0.205
4 0.474375 0.5466666666666666 0.0475 0.06999999999999999
4 0.6790625 0.5249999999999999 0.049375 0.15833333333333333
4 0.513125 0.5541666666666667 0.0325 0.055
4 0.7162499999999999 0.6133333333333333 0.03625 0.048333333333333325
4 0.8775000000000001 0.5891666666666666 0.07875 0.11
4 0.9575 0.72 0.08375 0.2033333333333333
