1 0.035625000000000004 0.6458333333333333 0.03625 0.016666666666666666
1 0.1040625 0.9574999999999998 0.103125 0.048333333333333325
1 0.1165625 0.6079166666666667 0.016875 0.010833333333333334
1 0.1396875 0.7620833333333334 0.019375 0.07083333333333333
1 0.4271875 0.6429166666666666 0.023125 0.019166666666666665
1 0.47375 0.6266666666666666 0.03625 0.009999999999999998
1 0.5918749999999999 0.8341666666666667 0.1075 0.06333333333333332
1 0.5675 0.6475 0.035 0.019999999999999997
1 0.785625 0.8333333333333333 0.09125 0.048333333333333325
1 0.936875 0.6958333333333333 0.03 0.009999999999999998
