3 0.19625 0.13461932650073205 0.1625 0.22795021961932652
1 0.2546875 0.2603147877013178 0.071875 0.04033674963396779
1 0.45 0.17495607613469988 0.0875 0.09099560761346999
1 0.8746875000000001 0.7237335285505124 0.096875 0.05534407027818448
1 0.9171874999999999 0.3503733528550513 0.079375 0.04033674963396779
3 0.4509375 0.13554904831625184 0.181875 0.209194729136164
3 0.7203125 0.19043923865300147 0.183125 0.1538506588579795
3 0.566875 0.2865812591508053 0.1625 0.22607613469985358
3 0.8115625 0.23077598828696927 0.090625 0.13133235724743778
3 0.87125 0.6852781844802343 0.1975 0.19793557833089312
3 0.9171874999999999 0.31661054172767206 0.164375 0.19043923865300147
