4 0.774375 0.7008493353028065 0.14125 0.3903545051698671
4 0.15875 0.4678655834564254 0.105 0.23251107828655834
4 0.264375 0.5524593796159527 0.1725 0.2618168389955687
4 0.23625 0.44234859675036925 0.06 0.14933530280649926
4 0.29812500000000003 0.41682422451994094 0.11 0.13042836041358938
4 0.3753125 0.5642688330871493 0.140625 0.3005612998522895
4 0.4059375 0.40784342688330877 0.118125 0.18620384047267358
4 0.5046875000000001 0.4603028064992615 0.110625 0.24007385524372232
4 0.5853125 0.42437961595273266 0.123125 0.23818316100443132
4 0.6315625 0.6956499261447564 0.138125 0.24196454948301332
4 0.6871875000000001 0.4740103397341211 0.136875 0.2523633677991137
4 0.8306250000000001 0.44423190546528807 0.10125 0.2192762186115214
