4 0.24214192708333332 0.3376220703125 0.3271484375 0.553056640625
1 0.14572265624999997 0.021435546875 0.057148437499999996 0.0171484375
1 0.33214192708333334 0.110927734375 0.05571614583333333 0.03322265625
1 0.5964322916666667 0.20793457031249998 0.19856770833333331 0.057880859375
1 0.6221419270833333 0.0343017578125 0.0328515625 0.012861328125
4 0.07142578124999999 0.146298828125 0.14285156249999997 0.15755859375
4 0.5535742187499999 0.5326953125 0.5157161458333333 0.63666015625
4 0.5999934895833332 0.08359863281249999 0.09428385416666665 0.064306640625
4 0.7342903645833332 0.12271972656249999 0.1371484375 0.118974609375
4 0.8885677083333332 0.06109375 0.1885677083333333 0.087890625
4 0.9142838541666667 0.351552734375 0.16856770833333334 0.30439453125
