1 0.134375 0.3950073529411765 0.03375 0.023544117647058826
1 0.1796875 0.41149264705882355 0.024375 0.020720588235294116
1 0.22593749999999999 0.44586029411764705 0.039375 0.032955882352941175
1 0.464375 0.32438970588235294 0.0475 0.025426470588235293
1 0.5590625 0.19208823529411764 0.011875 0.011294117647058823
1 0.6 0.3272205882352941 0.07 0.05367647058823529
1 0.5928125 0.16524999999999998 0.018125 0.008470588235294117
1 0.715625 0.2744779411764706 0.055 0.029191176470588238
1 0.7409375 0.41149264705882355 0.036875 0.02825
1 0.85875 0.39688970588235295 0.04 0.042367647058823524
1 0.9509375 0.2000955882352941 0.021875 0.023544117647058826
