3 0.17125 0.7404166666666666 0.07 0.12916666666666665
3 0.1821875 0.3 0.079375 0.14166666666666666
3 0.23375 0.8787499999999999 0.16375 0.24083333333333334
3 0.190625 0.18041666666666667 0.0675 0.10916666666666666
3 0.193125 0.5454166666666667 0.0725 0.12916666666666665
3 0.19499999999999998 0.4208333333333333 0.0425 0.11
3 0.22687500000000002 0.42291666666666666 0.04875 0.12583333333333332
3 0.28031249999999996 0.7599999999999999 0.143125 0.1933333333333333
3 0.2421875 0.1625 0.056875 0.11
3 0.308125 0.19999999999999998 0.10125 0.09666666666666665
3 0.39718749999999997 0.9199999999999999 0.260625 0.15833333333333333
3 0.30593750000000003 0.15041666666666667 0.055625 0.08249999999999999
3 0.40875 0.7875000000000001 0.1575 0.18999999999999997
3 0.3796875 0.17125 0.058125 0.1275
3 0.381875 0.5733333333333334 0.03125 0.15
3 0.384375 0.39291666666666664 0.02875 0.06916666666666665
3 0.3934375 0.5179166666666666 0.033125 0.10916666666666666
