4 0.170625 0.5750439238653001 0.10375 0.24390922401171306
4 0.2484375 0.6088213762811128 0.066875 0.17260614934114202
4 0.2978125 0.6228989751098096 0.131875 0.23265007320644218
4 0.40718750000000004 0.6214860907759883 0.108125 0.2786090775988287
4 0.491875 0.6941800878477307 0.1125 0.24765739385065888
4 0.4834375 0.33489019033674966 0.065625 0.13695461200585654
4 0.5434375 0.3311420204978038 0.063125 0.12758418740849195
4 0.5762499999999999 0.6955856515373353 0.1075 0.25421669106881406
4 0.6384375 0.6444582723279649 0.083125 0.228887262079063
4 0.735 0.6772986822840411 0.14875 0.228887262079063
4 0.83 0.6088140556368962 0.0975 0.21200585651537338
4 0.925625 0.5731698389458273 0.1425 0.4371449487554905
4 0.8787499999999999 0.5145387994143484 0.03625 0.08535871156661787
