3 0.6860231923601637 0.1559375 0.238431105047749 0.138125
3 0.7803410641200546 0.3053125 0.12139154160982266 0.105625
3 0.785150068212824 0.5040625 0.040177353342428376 0.053125
3 0.4602592087312415 0.224375 0.49083219645293313 0.32
1 0.4484720327421556 0.24125000000000002 0.28384720327421553 0.06625
3 0.04236016371077763 0.016875 0.08472032742155526 0.03375
3 0.06025920873124148 0.0865625 0.12051841746248296 0.095625
3 0.06375852660300137 0.42125 0.12751705320600273 0.08875
3 0.06506821282401092 0.178125 0.13013642564802183 0.09375
3 0.06637789904502046 0.2584375 0.13275579809004093 0.086875
3 0.07118008185538881 0.3403125 0.14236016371077762 0.108125
3 0.14803547066848566 0.55625 0.19825375170532059 0.13
3 0.18864256480218283 0.0746875 0.15021828103683493 0.099375
3 0.19213506139154163 0.45406250000000004 0.15720327421555252 0.085625
3 0.19781036834924967 0.37093750000000003 0.16506139154160981 0.118125
3 0.16375170532060027 0.0134375 0.08122783083219645 0.026875
3 0.2052387448840382 0.61375 0.11702592087312415 0.07375
3 0.23013642564802184 0.6365624999999999 0.10043656207366985 0.091875
3 0.24716234652114596 0.096875 0.10480218281036834 0.06875
3 0.22532742155525243 0.6625000000000001 0.05240109140518417 0.0375
3 0.3781718963165075 0.0415625 0.2917053206002728 0.083125
3 0.30043656207366987 0.4171875 0.11702592087312415 0.073125
3 0.3366780354706685 0.4453125 0.12664392905866304 0.099375
3 0.7078649386084584 0.41874999999999996 0.12839017735334243 0.1175
3 0.29607776261937246 0.490625 0.040177353342428376 0.0325
3 0.6934515688949522 0.0646875 0.31964529331514324 0.129375
3 0.7842769440654843 0.43343750000000003 0.03319236016371078 0.061875
3 0.7938949522510232 0.5290625 0.03843110504774898 0.038125
3 0.8091746248294679 0.5590625 0.06025920873124148 0.080625
3 0.8331923601637108 0.11031250000000001 0.10305593451568897 0.170625
3 0.8196521145975444 0.4403125 0.04803547066848567 0.054375
3 0.8401705320600273 0.4734375 0.04541609822646658 0.043125
3 0.8519577080491133 0.49312500000000004 0.05502046384720327 0.03375
3 0.973799454297408 0.213125 0.05065484311050478 0.075
