4 0.7984375 0.5173499267935578 0.151875 0.2598535871156662
4 0.4084375 0.6697950219619327 0.123125 0.236398243045388
4 0.425 0.49718887262079065 0.0925 0.15759882869692535
4 0.4721875 0.6463469985358712 0.073125 0.1707320644216691
4 0.5740625 0.49531478770131776 0.074375 0.13133235724743778
4 0.5065625 0.5028111273792094 0.090625 0.16134699853587117
4 0.565 0.6637042459736456 0.15125 0.20544655929721814
4 0.643125 0.5136017569546121 0.095 0.18667642752562225
4 0.6428125 0.6116251830161055 0.076875 0.2138799414348463
4 0.723125 0.5225183016105417 0.09125 0.21200585651537338
