3 0.0090625 0.6849999999999999 0.018125 0.041111111111111105
3 0.066875 0.8655555555555555 0.13375 0.26666666666666666
3 0.0934375 0.7255555555555554 0.083125 0.10444444444444444
3 0.1815625 0.7577777777777777 0.080625 0.10444444444444444
3 0.16749999999999998 0.67 0.02125 0.019999999999999997
3 0.23750000000000002 0.7722222222222223 0.04875 0.057777777777777775
3 0.3440625 0.666111111111111 0.024375 0.03222222222222222
3 0.3675 0.6433333333333333 0.01125 0.013333333333333332
3 0.42000000000000004 0.6572222222222222 0.00875 0.014444444444444444
3 0.46375 0.8105555555555555 0.06 0.13444444444444442
3 0.47125 0.6505555555555556 0.01625 0.02333333333333333
3 0.5225 0.6616666666666666 0.01375 0.02333333333333333
3 0.5621875 0.7844444444444444 0.058125 0.08666666666666667
3 0.5775 0.6638888888888889 0.02125 0.01888888888888889
3 0.6012500000000001 0.6938888888888888 0.0175 0.041111111111111105
3 0.625625 0.6505555555555556 0.01 0.027777777777777776
3 0.6537499999999999 0.7027777777777776 0.015 0.041111111111111105
3 0.6946875 0.666111111111111 0.028125 0.03222222222222222
3 0.8390625 0.6616666666666665 0.031875 0.041111111111111105
3 0.8628125 0.6549999999999999 0.020625 0.027777777777777776
3 0.9303125 0.8255555555555555 0.138125 0.15999999999999998
3 0.8721875 0.6433333333333333 0.011875 0.022222222222222223
